spawns:
  default:
    world: 188f99d7-0de0-4e86-8ba4-d9e53502916b
    x: -1416.5197056964762
    y: 104.0
    z: 139.67714558497173
    yaw: 0.16866928339004517
    pitch: 2.8161725997924805
    world-name: Spawn
