world: 188f99d7-0de0-4e86-8ba4-d9e53502916b
world-name: Spawn
x: -1435.4119341446901
y: 104.0
z: 170.93241472549613
yaw: 1.0970395803451538
pitch: 3.626920700073242
name: auction
lastowner: 2ccb1a67-bf97-4e92-afff-18df963f7f51
