world: 188f99d7-0de0-4e86-8ba4-d9e53502916b
world-name: Spawn
x: -1416.4948759282715
y: 104.0
z: 159.96519902206902
yaw: -0.10292430967092514
pitch: 1.3769208192825317
name: crate
lastowner: 2ccb1a67-bf97-4e92-afff-18df963f7f51
