world: 188f99d7-0de0-4e86-8ba4-d9e53502916b
world-name: Spawn
x: -1450.329181935159
y: 106.0625
z: 175.4406243496906
yaw: 90.119140625
pitch: 3.638874053955078
name: enchant
lastowner: 2ccb1a67-bf97-4e92-afff-18df963f7f51
