world: 188f99d7-0de0-4e86-8ba4-d9e53502916b
world-name: Spawn
x: -1404.2469271647017
y: 104.0
z: 163.6255554782903
yaw: -127.15303802490234
pitch: 3.9269328117370605
name: jobs
lastowner: 2ccb1a67-bf97-4e92-afff-18df963f7f51
