world: 188f99d7-0de0-4e86-8ba4-d9e53502916b
world-name: Spawn
x: -1399.4527637249623
y: 104.0
z: 169.09751973634476
yaw: -43.30298614501953
pitch: 3.1769323348999023
name: leaderboard
lastowner: 2ccb1a67-bf97-4e92-afff-18df963f7f51
