world: 188f99d7-0de0-4e86-8ba4-d9e53502916b
world-name: Spawn
x: -1415.5320196356918
y: 104.0
z: 149.57907810539763
yaw: -90.55294036865234
pitch: 4.376931190490723
name: menu
lastowner: 2ccb1a67-bf97-4e92-afff-18df963f7f51
