world: 188f99d7-0de0-4e86-8ba4-d9e53502916b
world-name: Spawn
x: -1440.489177104193
y: 88.0
z: 216.02195549416044
yaw: -179.7872314453125
pitch: 0.9656807780265808
name: pvp
lastowner: 2ccb1a67-bf97-4e92-afff-18df963f7f51
