world: 188f99d7-0de0-4e86-8ba4-d9e53502916b
world-name: Spawn
x: -1417.5799611815355
y: 104.0
z: 149.54080533675182
yaw: 90.49711608886719
pitch: 2.5769271850585938
name: rankups
lastowner: 2ccb1a67-bf97-4e92-afff-18df963f7f51
