world: 188f99d7-0de0-4e86-8ba4-d9e53502916b
world-name: Spawn
x: -1425.5889836216077
y: 104.0
z: 159.48712828175417
yaw: 90.19713592529297
pitch: 3.776920795440674
name: shop
lastowner: 2ccb1a67-bf97-4e92-afff-18df963f7f51
